%YAML:1.0
---
calibration_time: "2021年03月28日 星期日 19时08分25秒"
nframes: 18
image_width: 1280
image_height: 960
board_width: 4
board_height: 7
square_size: 2.4229999631643295e-02
flags: 0
camera_matrix: !!opencv-matrix
   rows: 3
   cols: 3
   dt: d
   data: [ 1.1090743499256587e+03, 0., 6.2812456875857754e+02, 0.,
       1.1099652614243619e+03, 4.8475671473240669e+02, 0., 0., 1. ]
distortion_coefficients: !!opencv-matrix
   rows: 5
   cols: 1
   dt: d
   data: [ -5.6506197654919869e-02, 6.7117543402731183e-02,
       -2.7295338853422957e-04, 4.7167011422782196e-04, 0. ]
avg_reprojection_error: 4.8299938134494752e-01
per_view_reprojection_errors: !!opencv-matrix
   rows: 18
   cols: 1
   dt: f
   data: [ 4.88914818e-01, 4.53598201e-01, 4.53029335e-01,
       4.47746336e-01, 4.55547124e-01, 4.46412534e-01, 5.55720687e-01,
       4.93675858e-01, 4.78018939e-01, 4.35506046e-01, 4.49523509e-01,
       4.33512747e-01, 4.57581073e-01, 5.80514669e-01, 4.57573354e-01,
       5.32342434e-01, 4.98790234e-01, 5.41514158e-01 ]
extrinsic_parameters: !!opencv-matrix
   rows: 18
   cols: 6
   dt: d
   data: [ -6.2713576567125312e-02, 4.3963736847161608e-02,
       4.4433949318842415e-03, -2.6935371137840102e-03,
       -6.1834220398587041e-02, 2.6110780214667506e-01,
       -6.8428751227476436e-02, -5.1898231354801178e-02,
       4.8007152456416465e-03, -6.9458591697282843e-02,
       -6.0323093856992166e-02, 2.8136915926364497e-01,
       -6.6665468228039593e-02, -2.3847697324315767e-01,
       -9.7844497947317342e-03, -9.1636485364734829e-02,
       -7.1058497907304577e-02, 2.4705727577086795e-01,
       -9.4459511573913579e-02, -2.3138778258511855e-01,
       -2.4193780317247032e-02, -6.5460427428071163e-02,
       -6.3821452552089764e-02, 2.4584986600569017e-01,
       -1.0308966415956168e-01, -1.9703783349847320e-01,
       -4.9213760852124339e-02, -3.1895344841131372e-02,
       -6.0829686963016598e-02, 2.4469653662328580e-01,
       -9.6892460415387030e-02, -1.0015445270900286e-01,
       -3.5133236370935135e-02, 5.4158745552877322e-02,
       -6.7050202197684317e-02, 2.6049249276808806e-01,
       -1.5461351814797725e-01, 4.1822511578444288e-01,
       -7.5970082512757317e-02, -1.0395745079828242e-01,
       -7.5741823838702538e-02, 2.6415477982059005e-01,
       -1.5514059135088984e-01, 4.1333545604756117e-01,
       -5.3996961227599581e-02, -1.2839473984437327e-01,
       -8.4563106594467446e-02, 2.7634790681010629e-01,
       5.6017079443001272e-01, 2.7652770627825819e-02,
       4.6106020285580779e-03, -2.1685730711000772e-02,
       -4.2319665939011798e-02, 1.9970683310908549e-01,
       5.2109885258871869e-01, -5.9359982051657947e-02,
       3.6674259868757907e-02, -9.0671442387314269e-02,
       -5.3989186075993803e-02, 1.9290878859210661e-01,
       2.0984247024518347e-02, -2.5736639336547051e-01,
       3.0809148343148959e-02, 5.0764424569956244e-02,
       -6.1267555983851738e-02, 2.2468117001451082e-01,
       1.2101844291843520e-02, -3.8115656194064906e-01,
       1.1375456599275063e-02, -4.5200083387163525e-02,
       -7.3904387580554787e-02, 2.1627269836186805e-01,
       2.0076563359169249e-02, -4.2299426134164619e-01,
       3.0306866753109490e-02, -8.3170013061921233e-02,
       -8.5063673181920180e-02, 2.0445753393062260e-01,
       5.7582156291904329e-01, 1.5811031347986693e-01,
       -8.5745176279696231e-02, 6.9329448272026544e-03,
       -4.5771056299448727e-02, 1.8382059726335756e-01,
       5.4965960659246094e-01, 4.3014821845515576e-02,
       -3.7000897482959677e-02, -7.8317205128545647e-02,
       -4.7650939325008364e-02, 1.8936055078956482e-01,
       1.3019070659368352e-02, 1.0559816769480650e-01,
       -2.3568417669469970e-02, -9.0012768268386625e-03,
       -7.4820876685071064e-02, 2.4927779479311118e-01,
       -5.6183752487808776e-02, -8.3331172527153913e-03,
       1.4479185583806545e-02, -1.0254301398498056e-01,
       -7.6178002399220915e-02, 2.5102311579417441e-01,
       -1.0695238464404293e-01, 1.4589675246629674e-01,
       2.8887112775853371e-02, 3.6121301566514823e-02,
       -7.8191516059860397e-02, 2.4321442005306554e-01 ]
