%YAML:1.0
---
calibration_time: "2021年09月14日 星期二 13时56分12秒"
image_width: 1920
image_height: 1080
board_width: 7
board_height: 9
square_size: 2.0000000298023224e-01
flags: 0
camera_matrix: !!opencv-matrix
   rows: 3
   cols: 3
   dt: d
   data: [ 1.9937156242710637e+03, 0., 8.8059499438253215e+02, 0.,
       1.9978872214999717e+03, 5.5269502230818307e+02, 0., 0., 1. ]
distortion_coefficients: !!opencv-matrix
   rows: 5
   cols: 1
   dt: d
   data: [ -2.4352270240974530e-01, 1.8469288881955251e-01,
       -1.8951658401333046e-03, -8.6162043491556115e-04, 0. ]
avg_reprojection_error: 2.4466370424442177e-01
