%YAML:1.0
---
calibration_time: "2021年09月14日 星期二 13时37分52秒"
image_width: 640
image_height: 360
board_width: 6
board_height: 9
square_size: 2.0000000298023224e-01
flags: 0
camera_matrix: !!opencv-matrix
   rows: 3
   cols: 3
   dt: d
   data: [ 4.6529641643849186e+02, 0., 3.1625984815110382e+02, 0.,
       4.6519277938447175e+02, 1.8693543922969170e+02, 0., 0., 1. ]
distortion_coefficients: !!opencv-matrix
   rows: 5
   cols: 1
   dt: d
   data: [ 1.1418079487989036e-01, -2.0755236466218410e-01,
       -1.2815542547824224e-03, -1.0685210086143449e-03, 0. ]
avg_reprojection_error: 5.7923544448896613e-01
