%YAML:1.0
---
calibration_time: "2021年09月10日 星期五 19时31分03秒"
image_width: 1920
image_height: 1080
board_width: 7
board_height: 9
square_size: 1.9999999552965164e-02
flags: 0
camera_matrix: !!opencv-matrix
   rows: 3
   cols: 3
   dt: d
   data: [ 1.6515125071724349e+03, 0., 9.5641826037862563e+02, 0.,
       1.6532628213876690e+03, 5.0407181626517513e+02, 0., 0., 1. ]
distortion_coefficients: !!opencv-matrix
   rows: 5
   cols: 1
   dt: d
   data: [ -4.0711394606357515e-01, 1.7521139857373311e-01,
       -1.5059902920290420e-03, 3.8545971556635215e-04, 0. ]
avg_reprojection_error: 3.2190275659683304e-01
